id,_fivetran_deleted,_fivetran_synced,_original_estimate,_remaining_estimate,_time_spent,assignee,created,creator,description,due_date,environment,issue_type,key,last_viewed,original_estimate,parent_id,priority,project,remaining_estimate,reporter,resolution,resolved,status,status_category_changed,summary,time_spent,updated,work_ratio
10011,FALSE,2020-11-06 22:23:38,,,,,2020-04-01 08:33:58,5c3326c24b248c315badf3ee,"Yes, this is an issue to test permissions",,,10103,TP-8,,,,3,10001,,5c3326c24b248c315badf3ee,,2020-05-29 11:33:53,3,2020-04-01 08:34:02,We want to test permissions,,2020-05-29 11:33:53,-1
10015,FALSE,2020-11-06 22:23:41,,,,,2020-06-11 07:38:03,5ed0edbe2999b60c23255b4f,,,,10103,TP-12,,,,5,10001,,5ed0edbe2999b60c23255b4f,,2020-06-11 07:38:03,10003,2020-06-11 07:38:03,Part of test epic,,2020-06-11 07:38:03,-1
10018,FALSE,2020-11-12 12:20:50,,,,,2020-11-10 19:11:45,557058:a9572f6a-3041-435a-96ed-5286e3811b33,,,,10103,TCP-1,2020-11-10 19:11:46,,,3,10005,,557058:a9572f6a-3041-435a-96ed-5286e3811b33,,2020-11-28 19:11:45,10003,2020-11-28 19:11:46,this is a story,,2020-11-28 19:11:45,-1