case_barcode
TCGA-BH-A203
