"Id","IsDeleted","Name","CreatedDate","CreatedById","LastModifiedDate","LastModifiedById","SystemModstamp","EntitlementCardDefDevlName","Quantity","StartDate","EndDate","EntitlementTransactionType","EntitlementTransactionSubType","RelatedTntEntitlementTrxnId","MgmtOrgId","MgmtOrgOrder","MgmtOrgOrderItem","MgmtOrgContract","MgmtOrgEntitlementTransaction","MgmtOrgEntitlementSchedule","MgmtOrgRelatedEntitlementTrxn","MgmtEntitlementTrxn","UsageTypeDef","UsageSubType0","UsageSubType1","UsageSubType2","Multiplier","Unit","RawQuantity","BusinessEnvType"
