chromosome,cytoband_name,total_cases,freq_amp,freq_gain,freq_homodel,freq_heterodel,freq_normal
chr1,1p11,517,17.601547,6.382979,0.0,4.255319,71.760155
chr1,1p12,517,17.988395,6.576402,0.0,4.255319,71.179884
chr1,1p13,517,18.955513,7.54352,0.0,4.061896,69.439072
chr1,1p21,517,18.955513,10.831721,0.0,5.029014,65.183752
chr1,1p22,517,17.021277,8.317215,0.0,4.83559,69.825919
chr1,1p31,517,30.560928,13.152805,0.0,3.868472,52.417795
chr1,1p32,517,18.375242,8.317215,0.0,5.029014,68.27853
chr1,1p33,517,16.247582,7.156673,0.0,5.609284,70.98646
chr1,1p34,517,17.021277,7.350097,0.0,5.415861,70.212766
chr1,1p35,517,15.667311,8.123791,0.0,6.769826,69.439072
chr1,1p36,517,18.568665,10.444874,0.0,6.576402,64.410058
chr1,1q11,517,11.798839,3.868472,0.0,1.740812,61.895551
chr1,1q12,517,11.798839,3.868472,0.0,1.740812,61.895551
chr1,1q21,517,22.437137,12.572534,0.0,1.353965,63.636364
chr1,1q22,517,19.922631,9.67118,0.0,1.353965,69.052224
chr1,1q23,517,21.470019,11.992263,0.0,1.353965,65.183752
chr1,1q24,517,21.083172,11.025145,0.0,1.353965,66.537718
chr1,1q25,517,24.17795,12.37911,0.0,1.353965,62.088975
chr1,1q31,517,28.239845,10.831721,0.0,1.160542,59.767892
chr1,1q32,517,23.210832,12.185687,0.0,1.160542,63.44294
chr1,1q41,517,26.305609,11.992263,0.0,1.740812,59.961315
chr1,1q42,517,22.05029,10.058027,0.0,2.514507,65.377176
chr1,1q43,517,24.17795,11.798839,0.0,2.514507,61.508704
chr1,1q44,517,19.922631,10.444874,0.0,2.514507,67.117988
chr10,10p11,517,19.34236,8.704062,0.0,1.934236,70.019342
chr10,10p12,517,26.112186,10.251451,0.0,2.12766,61.508704
chr10,10p13,517,17.601547,8.897485,0.0,2.514507,70.98646
chr10,10p14,517,22.437137,7.54352,0.0,2.901354,67.117988
chr10,10p15,517,18.375242,8.897485,0.0,3.288201,69.439072
chr10,10q11,517,27.466151,11.218569,0.0,2.12766,59.187621
chr10,10q21,517,18.762089,9.67118,0.0,4.448743,67.117988
chr10,10q22,517,20.889749,11.025145,0.0,4.642166,63.44294
chr10,10q23,517,23.984526,8.897485,0.0,4.642166,62.475822
chr10,10q24,517,16.441006,7.736944,0.0,7.156673,68.665377
chr10,10q25,517,18.762089,9.477756,0.0,7.156673,64.603482
chr10,10q26,517,19.34236,10.638298,0.0,6.382979,63.636364
chr11,11p11,517,23.017408,8.897485,0.0,0.386847,67.698259
chr11,11p12,517,23.791103,7.54352,0.0,0.580271,68.085106
chr11,11p13,517,22.437137,5.609284,0.0,0.580271,71.373308
chr11,11p14,517,23.597679,6.382979,0.0,0.580271,69.439072
chr11,11p15,517,25.725338,8.317215,0.0,0.580271,65.377176
chr11,11q11,517,21.470019,7.930368,0.0,0.773694,69.825919
chr11,11q12,517,24.371373,8.317215,0.0,0.386847,66.924565
chr11,11q13,517,26.692456,9.284333,0.0,0.773694,63.249516
chr11,11q14,517,26.499033,11.605416,0.0,0.386847,61.508704
chr11,11q21,517,22.243714,6.576402,0.0,1.353965,69.825919
chr11,11q22,517,24.564797,10.058027,0.0,0.967118,64.410058
chr11,11q23,517,25.338491,7.736944,0.0,1.353965,65.5706
chr11,11q24,517,23.984526,6.189555,0.0,1.160542,68.665377
chr11,11q25,517,22.05029,6.189555,0.0,1.353965,70.40619
chr12,12p11,517,42.166344,11.218569,0.0,0.193424,46.421663
chr12,12p12,517,27.466151,10.831721,0.0,0.193424,61.508704
chr12,12p13,517,28.626692,13.152805,0.0,0.386847,57.833656
chr12,12q11,517,26.692456,11.025145,0.0,0.193424,62.088975
chr12,12q12,517,25.725338,11.798839,0.0,0.193424,62.282398
chr12,12q13,517,37.524178,9.090909,0.0,0.193424,53.191489
chr12,12q14,517,27.852998,10.251451,0.0,0.193424,61.702128
chr12,12q15,517,25.918762,11.411992,0.0,0.193424,62.475822
chr12,12q21,517,26.692456,12.185687,0.0,0.193424,60.928433
chr12,12q22,517,24.951644,9.477756,0.0,0.580271,64.990329
chr12,12q23,517,27.466151,10.251451,0.0,0.580271,61.702128
chr12,12q24,517,30.174081,14.119923,0.0,0.386847,55.319149
chr13,13q11,517,16.441006,8.704062,0.0,3.288201,71.566731
chr13,13q12,517,19.729207,10.058027,0.0,2.70793,67.504836
chr13,13q13,517,15.860735,7.736944,0.0,3.675048,72.727273
chr13,13q14,517,17.2147,11.605416,0.0,3.094778,68.085106
chr13,13q21,517,18.181818,9.864603,0.0,2.321083,69.632495
chr13,13q22,517,16.827853,7.54352,0.0,2.70793,72.920696
chr13,13q31,517,21.856867,11.218569,0.0,2.321083,64.603482
chr13,13q32,517,17.601547,9.67118,0.0,2.514507,70.212766
chr13,13q33,517,19.535783,8.704062,0.0,1.740812,70.019342
chr13,13q34,517,16.634429,8.317215,0.0,1.934236,73.11412
chr14,14q11,517,20.889749,11.992263,0.0,15.860735,51.257253
chr14,14q12,517,11.992263,5.609284,0.0,18.762089,63.636364
chr14,14q13,517,12.572534,5.222437,0.0,21.663443,60.541586
chr14,14q21,517,14.700193,7.156673,0.0,19.535783,58.60735
chr14,14q22,517,10.444874,6.382979,0.0,22.243714,60.928433
chr14,14q23,517,10.444874,5.802708,0.0,23.597679,60.154739
chr14,14q24,517,10.251451,7.350097,0.0,22.630561,59.767892
chr14,14q31,517,9.864603,6.769826,0.0,22.437137,60.928433
chr14,14q32,517,35.396518,10.058027,0.0,13.346228,41.199226
chr15,15q11,517,29.980658,10.831721,0.0,1.353965,57.833656
chr15,15q12,517,20.116054,7.350097,0.0,1.547389,70.98646
chr15,15q13,517,21.083172,6.96325,0.0,1.353965,70.599613
chr15,15q14,517,21.856867,6.189555,0.0,1.160542,70.793037
chr15,15q15,517,19.148936,5.029014,0.0,2.514507,73.307544
chr15,15q21,517,21.663443,7.156673,0.0,1.547389,69.632495
chr15,15q22,517,20.696325,6.769826,0.0,1.353965,71.179884
chr15,15q23,517,24.564797,8.123791,0.0,0.773694,66.537718
chr15,15q24,517,22.05029,6.769826,0.0,1.160542,70.019342
chr15,15q25,517,20.502901,6.382979,0.0,0.967118,72.147002
chr15,15q26,517,20.889749,6.576402,0.0,0.967118,71.566731
chr16,16p11,517,27.466151,9.864603,0.0,0.193424,62.475822
chr16,16p12,517,25.338491,11.025145,0.0,0.0,63.636364
chr16,16p13,517,34.235977,13.346228,0.0,0.0,52.417795
chr16,16q11,517,22.243714,11.798839,0.0,2.514507,63.44294
chr16,16q12,517,26.305609,12.765957,0.0,1.353965,59.574468
chr16,16q13,517,22.630561,9.090909,0.0,1.934236,66.344294
chr16,16q21,517,26.112186,11.025145,0.0,1.160542,61.702128
chr16,16q22,517,23.791103,9.67118,0.0,1.353965,65.183752
